Page dimensions: width=453.5, height=623.6

Total words on page: 588

TEXT                                                    x0      x1     top  bottom
-------------------------------------------------------------------------------------
SUMMARY                                               54.2    90.5    34.8    41.8
TABLE                                                 43.2    62.5    75.6    84.0
3                                                     64.3    68.3    75.6    84.0
LAND                                                  71.8    90.5    75.3    84.5
MANAGEMENT                                            92.4   141.8    75.3    84.5
VS                                                   143.7   152.2    75.3    84.5
LAND-USE                                             154.1   189.0    75.3    84.5
CHANGE                                               190.9   219.6    75.3    84.5
INTERVENTIONS                                        221.5   276.2    75.3    84.5
BY                                                   278.1   287.0    75.3    84.5
TYPE                                                 288.9   306.0    75.3    84.5
OF                                                   307.9   316.8    75.3    84.5
POLICY                                               318.7   343.1    75.3    84.5
INSTRUMENT                                           345.0   390.0    75.3    84.5
LAND                                                 148.8   164.9    88.9    95.0
MANAGEMENT                                           166.4   209.0    88.9    95.0
LAND-USE                                             307.3   337.4    88.9    95.0
CHANGE                                               338.9   363.7    88.9    95.0
REGULATORY                                           207.4   246.0   100.1   106.2
Does                                                  48.0    61.5   111.3   117.5
farm                                                  63.0    75.5   111.3   117.5
size                                                  77.0    87.3   111.3   117.5
Regulation                                           105.1   134.0   111.3   117.5
may                                                  135.5   146.7   111.3   117.5
apply                                                148.2   162.8   111.3   117.5
across                                               164.3   181.8   111.3   117.5
the                                                  183.3   192.0   111.3   117.5
board                                                193.5   209.1   111.3   117.5
or                                                   210.7   216.0   111.3   117.5
only                                                 217.6   228.6   111.3   117.5
to                                                   230.2   235.4   111.3   117.5
farms                                                237.0   252.2   111.3   117.5
Regulation                                           265.6   294.5   111.3   117.5
(e.g.                                                296.0   308.0   111.3   117.5
land-use                                             309.3   332.5   111.3   117.5
zoning                                               334.1   351.7   111.3   117.5
or                                                   353.2   358.6   111.3   117.5
deforestation                                        360.1   395.8   111.3   117.5
matter?                                               48.0    68.5   118.2   124.4
above                                                105.1   121.2   118.2   124.4
or                                                   122.7   128.1   118.2   124.4
below                                                129.6   145.3   118.2   124.4
a                                                    146.8   150.0   118.2   124.4
certain                                              151.5   170.4   118.2   124.4
threshold.                                           171.9   199.1   118.2   124.4
Applying                                             200.4   223.8   118.2   124.4
a                                                    225.3   228.5   118.2   124.4
threshold                                            230.0   255.5   118.2   124.4
bans)                                                265.6   280.6   118.2   124.4
tends                                                282.2   297.1   118.2   124.4
to                                                   298.7   303.9   118.2   124.4
be                                                   305.5   312.1   118.2   124.4
applied                                              313.7   333.6   118.2   124.4
across                                               335.1   352.6   118.2   124.4
the                                                  354.1   362.8   118.2   124.4
board,                                               364.3   381.7   118.2   124.4
because                                              383.2   405.8   118.2   124.4
may                                                  105.1   116.3   125.1   131.2
affect                                               117.8   133.3   125.1   131.2
incentives,                                          134.9   163.9   125.1   131.2
leading                                              165.4   185.0   125.1   131.2
to                                                   186.5   191.8   125.1   131.2
regulatory                                           193.3   220.5   125.1   131.2
avoidance.                                           222.1   251.3   125.1   131.2
exemption                                            265.6   293.8   125.1   131.2
of                                                   295.3   300.5   125.1   131.2
one                                                  302.0   311.9   125.1   131.2
farm                                                 313.4   325.8   125.1   131.2
size                                                 327.4   337.7   125.1   131.2
category                                             339.2   362.5   125.1   131.2
leads                                                364.1   378.3   125.1   131.2
to                                                   379.8   385.1   125.1   131.2
leakage.                                             386.6   409.2   125.1   131.2
On                                                   265.6   273.3   132.0   138.1
small                                                274.8   289.0   132.0   138.1
farms,                                               290.5   307.5   132.0   138.1
land-use                                             309.1   332.3   132.0   138.1
regulations                                          333.8   363.6   132.0   138.1
may                                                  365.1   376.3   132.0   138.1
impose                                               377.8   397.3   132.0   138.1
a                                                    398.8   402.0   132.0   138.1
proportionately                                      265.6   306.7   138.9   145.0
higher                                               308.2   325.2   138.9   145.0
burden.                                              326.7   347.7   138.9   145.0
Management                                            48.0    83.4   150.1   156.2
Burden                                               105.1   124.9   150.1   156.2
falls                                                126.4   137.4   150.1   156.2
on                                                   138.9   145.6   150.1   156.2
landholders                                          147.1   178.7   150.1   156.2
to                                                   180.2   185.5   150.1   156.2
provide                                              187.0   207.0   150.1   156.2
proof                                                208.6   222.6   150.1   156.2
of                                                   224.2   229.3   150.1   156.2
Burden                                               265.6   285.4   150.1   156.2
is                                                   286.9   291.2   150.1   156.2
low                                                  292.7   301.7   150.1   156.2
because                                              303.2   325.8   150.1   156.2
parties                                              327.3   345.9   150.1   156.2
can                                                  347.4   357.2   150.1   156.2
rely                                                 358.7   368.5   150.1   156.2
on                                                   370.0   376.6   150.1   156.2
high-                                                378.2   391.8   150.1   156.2
burden                                                48.0    67.2   157.0   163.1
compliance                                           105.1   136.3   157.0   163.1
with                                                 137.9   149.1   157.0   163.1
regulations.                                         150.6   182.2   157.0   163.1
resolution                                           265.6   292.3   157.0   163.1
earth                                                293.8   307.9   157.0   163.1
observation                                          309.5   340.9   157.0   163.1
and                                                  342.4   352.5   157.0   163.1
remote                                               354.1   373.1   157.0   163.1
sensing                                              374.7   395.0   157.0   163.1
data                                                 396.6   408.5   157.0   163.1
to                                                   265.6   270.9   163.9   170.0
resolve                                              272.4   291.4   163.9   170.0
any                                                  293.0   302.5   163.9   170.0
dispute.                                             304.0   325.8   163.9   170.0
Monitoring                                            48.0    77.1   181.1   187.2
Field-level                                          105.1   132.8   181.1   187.2
checks                                               134.3   153.3   181.1   187.2
can                                                  154.9   164.7   181.1   187.2
be                                                   166.2   172.9   181.1   187.2
resource                                             174.4   197.9   181.1   187.2
intensive.                                           199.4   225.2   181.1   187.2
Cost                                                 265.6   277.6   181.1   187.2
of                                                   279.1   284.2   181.1   187.2
monitoring                                           285.8   314.7   181.1   187.2
is                                                   316.3   320.6   181.1   187.2
low                                                  322.1   331.1   181.1   187.2
with                                                 332.6   343.8   181.1   187.2
high-resolution                                      345.3   385.7   181.1   187.2
earth                                                387.2   401.4   181.1   187.2
requirements                                          48.0    83.9   188.0   194.1
Monitoring                                           105.1   134.2   188.0   194.1
performance                                          135.7   170.2   188.0   194.1
using                                                171.7   186.0   188.0   194.1
outcome                                              187.6   211.1   188.0   194.1
indicators                                           212.6   239.3   188.0   194.1
is                                                   240.8   245.1   188.0   194.1
observation                                          265.6   297.0   188.0   194.1
data.                                                298.6   312.3   188.0   194.1
more                                                 105.1   118.9   194.9   201.0
challenging                                          120.4   151.3   194.9   201.0
than                                                 152.8   164.9   194.9   201.0
monitoring                                           166.5   195.5   194.9   201.0
the                                                  197.0   205.7   194.9   201.0
application                                          207.2   237.1   194.9   201.0
of                                                   238.6   243.8   194.9   201.0
regulated                                            105.1   130.7   201.8   207.9
practices.                                           132.2   158.8   201.8   207.9
Financing                                             48.0    74.4   213.8   219.9
needs                                                 76.0    92.1   213.8   219.9
Public                                               105.1   122.1   213.8   219.9
financing                                            123.6   148.4   213.8   219.9
requirements                                         150.0   185.8   213.8   219.9
are                                                  187.4   195.9   213.8   219.9
low                                                  197.5   206.4   213.8   219.9
and                                                  208.0   218.1   213.8   219.9
mainly                                               219.6   237.3   213.8   219.9
for                                                  238.8   246.1   213.8   219.9
Public                                               265.6   282.5   213.8   219.9
financing                                            284.1   308.9   213.8   219.9
requirements                                         310.4   346.3   213.8   219.9
are                                                  347.8   356.4   213.8   219.9
low                                                  357.9   366.9   213.8   219.9
and                                                  368.4   378.5   213.8   219.9
mainly                                               380.1   397.8   213.8   219.9
for                                                  399.3   406.6   213.8   219.9
enforcement.                                         105.1   141.2   220.7   226.8
Cost                                                 142.5   154.5   220.7   226.8
of                                                   156.0   161.1   220.7   226.8
applying                                             162.6   185.4   220.7   226.8
regulated                                            186.9   212.4   220.7   226.8
practices                                            214.0   238.8   220.7   226.8
is                                                   240.3   244.6   220.7   226.8
enforcement.                                         265.6   301.7   220.7   226.8
Cost                                                 302.9   314.9   220.7   226.8
of                                                   316.5   321.6   220.7   226.8
forgone                                              323.1   343.6   220.7   226.8
land-use                                             345.1   368.3   220.7   226.8
options                                              369.8   389.6   220.7   226.8
is                                                   391.2   395.4   220.7   226.8
borne                                                105.1   120.7   227.6   233.7
by                                                   122.2   128.5   227.6   233.7
landholders.                                         130.1   163.5   227.6   233.7
borne                                                265.6   281.2   227.6   233.7
by                                                   282.7   289.0   227.6   233.7
landholders.                                         290.5   323.9   227.6   233.7
INCENTIVE-BASED                                      200.1   253.3   241.7   247.8
Does                                                  48.0    61.5   252.9   259.1
farm                                                  63.0    75.5   252.9   259.1
size                                                  77.0    87.3   252.9   259.1
Smaller                                              105.1   125.5   252.9   259.1
farms                                                127.0   142.3   252.9   259.1
often                                                143.8   157.7   252.9   259.1
have                                                 159.3   172.0   252.9   259.1
limited                                              173.5   191.9   252.9   259.1
capacity                                             193.5   216.2   252.9   259.1
to                                                   217.8   223.0   252.9   259.1
develop                                              224.5   245.6   252.9   259.1
Large                                                265.6   280.6   252.9   259.1
farms                                                282.1   297.4   252.9   259.1
are                                                  298.9   307.5   252.9   259.1
likely                                               309.0   322.8   252.9   259.1
to                                                   324.4   329.6   252.9   259.1
more                                                 331.1   344.9   252.9   259.1
easily                                               346.4   361.6   252.9   259.1
incorporate                                          363.1   394.1   252.9   259.1
land-                                                395.7   409.4   252.9   259.1
matter?                                               48.0    68.5   259.8   265.9
proposals                                            105.1   131.2   259.8   265.9
and                                                  132.7   142.8   259.8   265.9
do                                                   144.3   151.1   259.8   265.9
the                                                  152.6   161.3   259.8   265.9
paperwork                                            162.8   191.4   259.8   265.9
associated                                           192.9   221.7   259.8   265.9
with                                                 223.2   234.4   259.8   265.9
use                                                  265.6   275.0   259.8   265.9
change                                               276.5   296.2   259.8   265.9
for                                                  297.7   305.1   259.8   265.9
restoration                                          306.6   335.8   259.8   265.9
purposes                                             337.3   362.0   259.8   265.9
on                                                   363.5   370.1   259.8   265.9
part                                                 371.7   382.6   259.8   265.9
of                                                   384.2   389.3   259.8   265.9
the                                                  390.8   399.5   259.8   265.9
contractual                                          105.1   135.9   266.7   272.8
arrangements.                                        137.4   176.5   266.7   272.8
farm.                                                265.6   279.8   266.7   272.8
On                                                   281.1   288.8   266.7   272.8
smaller                                              290.3   309.9   266.7   272.8
farms,                                               311.4   328.4   266.7   272.8
land-use                                             330.0   353.2   266.7   272.8
change                                               354.7   374.4   266.7   272.8
might                                                375.9   391.2   266.7   272.8
affect                                               392.7   408.2   266.7   272.8
overall                                              265.6   283.4   273.6   279.7
economic                                             284.9   311.1   273.6   279.7
viability                                            312.6   333.2   273.6   279.7
depending                                            334.7   363.2   273.6   279.7
on                                                   364.7   371.4   273.6   279.7
the                                                  372.9   381.6   273.6   279.7
level                                                383.1   395.4   273.6   279.7
of                                                   396.9   402.1   273.6   279.7
incentive.                                           265.6   291.8   280.5   286.6
Management                                            48.0    83.4   296.3   302.4
Transaction                                          105.1   136.7   296.3   302.4
costs                                                138.2   152.3   296.3   302.4
are                                                  153.8   162.4   296.3   302.4
typically                                            163.9   186.2   296.3   302.4
high,                                                187.7   201.1   296.3   302.4
associated                                           202.6   231.4   296.3   302.4
with                                                 232.9   244.1   296.3   302.4
As                                                   265.6   272.3   296.3   302.4
for                                                  273.8   281.1   296.3   302.4
land                                                 282.6   294.3   296.3   302.4
management                                           295.8   331.1   296.3   302.4
practices                                            332.6   357.5   296.3   302.4
–                                                    359.0   363.1   296.3   302.4
with                                                 364.6   375.8   296.3   302.4
the                                                  377.4   386.0   296.3   302.4
burden                                                48.0    67.2   303.2   309.3
agreeing                                             105.1   128.3   303.2   309.3
on                                                   129.8   136.5   303.2   309.3
contracts                                            138.0   163.4   303.2   309.3
for                                                  164.9   172.2   303.2   309.3
specific                                             173.7   194.6   303.2   309.3
land                                                 196.1   207.7   303.2   309.3
management                                           209.3   244.5   303.2   309.3
difference                                           265.6   292.9   303.2   309.3
that,                                                294.4   307.0   303.2   309.3
when                                                 308.5   322.8   303.2   309.3
the                                                  324.3   333.0   303.2   309.3
incentive                                            334.5   358.9   303.2   309.3
is                                                   360.5   364.8   303.2   309.3
set-aside                                            366.3   390.7   303.2   309.3
land,                                                392.3   405.7   303.2   309.3
practices.                                           105.1   131.8   310.1   316.2
Targeting                                            133.1   158.0   310.1   316.2
participants                                         159.5   191.7   310.1   316.2
based                                                193.3   209.5   310.1   316.2
on                                                   211.0   217.7   310.1   316.2
the                                                  219.2   227.9   310.1   316.2
the                                                  265.6   274.3   310.1   316.2
contractual                                          275.8   306.5   310.1   316.2
arrangement                                          308.1   342.6   310.1   316.2
is                                                   344.1   348.4   310.1   316.2
simpler,                                             349.9   371.4   310.1   316.2
because                                              372.9   395.5   310.1   316.2
there                                                397.0   411.1   310.1   316.2
effectiveness                                        105.1   140.5   317.0   323.1
of                                                   142.1   147.2   317.0   323.1
proposed                                             148.7   173.9   317.0   323.1
actions                                              175.5   194.9   317.0   323.1
and                                                  196.5   206.6   317.0   323.1
available                                            208.1   231.9   317.0   323.1
budget                                               233.4   252.3   317.0   323.1
are                                                  265.6   274.2   317.0   323.1
fewer                                                275.7   290.5   317.0   323.1
land                                                 292.0   303.6   317.0   323.1
management                                           305.2   340.4   317.0   323.1
practice                                             342.0   364.0   317.0   323.1
options                                              365.5   385.3   317.0   323.1
to                                                   386.9   392.1   317.0   323.1
requires                                             105.1   127.1   323.9   330.0
effort                                               128.7   143.3   323.9   330.0
on                                                   144.8   151.4   323.9   330.0
the                                                  153.0   161.6   323.9   330.0
part                                                 163.2   174.1   323.9   330.0
of                                                   175.7   180.8   323.9   330.0
the                                                  182.3   191.0   323.9   330.0
government.                                          192.5   226.3   323.9   330.0
consider.                                            265.6   290.2   323.8   330.0
Monitoring                                            48.0    77.1   339.7   345.8
Field-level                                          105.1   132.8   339.7   345.8
checks                                               134.4   153.3   339.7   345.8
can                                                  154.9   164.7   339.7   345.8
be                                                   166.2   172.9   339.7   345.8
resource                                             174.4   197.9   339.7   345.8
intensive                                            199.4   223.4   339.7   345.8
and                                                  225.0   235.1   339.7   345.8
Cost                                                 265.6   277.6   339.7   345.8
of                                                   279.1   284.2   339.7   345.8
monitoring                                           285.8   314.7   339.7   345.8
is                                                   316.3   320.6   339.7   345.8
low                                                  322.1   331.1   339.7   345.8
with                                                 332.6   343.8   339.7   345.8
high-resolution                                      345.3   385.7   339.7   345.8
earth                                                387.2   401.4   339.7   345.8
requirements                                          48.0    83.9   346.6   352.7
ensuring                                             105.1   128.3   346.6   352.7
additionality                                        129.8   163.0   346.6   352.7
is                                                   164.6   168.9   346.6   352.7
not                                                  170.4   179.1   346.6   352.7
always                                               180.6   198.4   346.6   352.7
possible.                                            200.0   223.8   346.6   352.7
Monitoring                                           225.1   254.2   346.6   352.7
observation                                          265.6   297.0   346.6   352.7
data.                                                298.6   312.3   346.6   352.7
performance                                          105.1   139.6   353.5   359.6
using                                                141.1   155.5   353.5   359.6
outcome                                              157.0   180.5   353.5   359.6
indicators                                           182.1   208.7   353.5   359.6
is                                                   210.2   214.5   353.5   359.6
more                                                 216.1   229.8   353.5   359.6
challenging                                          105.1   136.0   360.3   366.5
than                                                 137.5   149.7   360.3   366.5
monitoring                                           151.2   180.2   360.3   366.5
the                                                  181.7   190.4   360.3   366.5
application                                          191.9   221.8   360.3   366.5
of                                                   223.3   228.5   360.3   366.5
incentivized                                         105.1   137.4   367.2   373.3
practices.                                           138.9   165.6   367.2   373.3
Financing                                             48.0    74.4   378.5   384.6
needs                                                 76.0    92.1   378.5   384.6
Incentivizing                                        105.1   139.1   378.5   384.6
uptake                                               140.6   159.2   378.5   384.6
is                                                   160.7   165.0   378.5   384.6
costly                                               166.5   182.2   378.5   384.6
in                                                   183.7   188.6   378.5   384.6
terms                                                190.1   205.5   378.5   384.6
of                                                   207.0   212.2   378.5   384.6
public                                               213.7   230.3   378.5   384.6
financing.                                           231.8   258.4   378.5   384.6
Compensating                                         265.6   304.3   378.5   384.6
land                                                 305.8   317.4   378.5   384.6
rental                                               319.0   334.6   378.5   384.6
value                                                336.1   350.3   378.5   384.6
is                                                   351.8   356.1   378.5   384.6
costly                                               357.6   373.3   378.5   384.6
in                                                   374.9   379.8   378.5   384.6
terms                                                381.3   396.7   378.5   384.6
of                                                   398.2   403.3   378.5   384.6
It                                                   105.1   108.9   385.3   391.5
depends                                              110.4   133.6   385.3   391.5
on                                                   135.1   141.8   385.3   391.5
the                                                  143.3   152.0   385.3   391.5
degree                                               153.5   172.0   385.3   391.5
of                                                   173.5   178.7   385.3   391.5
financial                                            180.2   203.2   385.3   391.5
incentives                                           204.7   231.9   385.3   391.5
provided                                             233.5   257.0   385.3   391.5
public                                               265.6   282.2   385.3   391.5
financing                                            283.7   308.6   385.3   391.5
because                                              310.1   332.7   385.3   391.5
it                                                   334.2   337.7   385.3   391.5
typically                                            339.2   361.5   385.3   391.5
involves                                             363.0   384.5   385.3   391.5
public                                               386.0   402.6   385.3   391.5
and                                                  105.1   115.2   392.2   398.3
the                                                  116.8   125.5   392.2   398.3
private                                              127.0   145.5   392.2   398.3
benefits                                             147.0   168.7   392.2   398.3
of                                                   170.2   175.4   392.2   398.3
land                                                 176.9   188.5   392.2   398.3
management                                           190.0   225.3   392.2   398.3
practices                                            226.9   251.7   392.2   398.3
funds.                                               265.6   282.4   392.2   398.3
Costs                                                283.7   298.5   392.2   398.3
are                                                  300.0   308.6   392.2   398.3
very                                                 310.1   321.4   392.2   398.3
high                                                 322.9   334.5   392.2   398.3
in                                                   336.0   340.9   392.2   398.3
the                                                  342.4   351.1   392.2   398.3
case                                                 352.6   365.0   392.2   398.3
of                                                   366.6   371.7   392.2   398.3
long-term                                            373.2   399.3   392.2   398.3
received                                             105.1   128.0   399.1   405.2
by                                                   129.6   135.9   399.1   405.2
the                                                  137.4   146.1   399.1   405.2
landholder.                                          147.6   177.9   399.1   405.2
If                                                   179.2   182.9   399.1   405.2
these                                                184.4   199.1   399.1   405.2
are                                                  200.6   209.2   399.1   405.2
sizeable,                                            210.8   234.4   399.1   405.2
cost                                                 235.9   247.1   399.1   405.2
land                                                 265.6   277.2   399.1   405.2
restoration                                          278.8   307.9   399.1   405.2
projects                                             309.5   331.2   399.1   405.2
–                                                    332.7   336.8   399.1   405.2
often                                                338.3   352.2   399.1   405.2
cofinanced                                           353.7   383.6   399.1   405.2
with                                                 385.1   396.3   399.1   405.2
sharing                                              105.1   124.9   406.0   412.1
between                                              126.4   149.3   406.0   412.1
public                                               150.8   167.4   406.0   412.1
financing                                            169.0   193.8   406.0   412.1
and                                                  195.3   205.4   406.0   412.1
the                                                  207.0   215.6   406.0   412.1
landholder                                           217.2   245.9   406.0   412.1
is                                                   247.5   251.8   406.0   412.1
donors                                               265.6   284.0   406.0   412.1
or                                                   285.5   290.9   406.0   412.1
the                                                  292.5   301.1   406.0   412.1
private                                              302.7   321.2   406.0   412.1
sector.                                              322.7   340.9   406.0   412.1
feasible.                                            105.1   127.8   412.9   419.0
CROSS-COMPLIANCE                                     168.5   229.5   424.1   430.2
(CONDITIONALITY)                                     231.0   285.0   424.1   430.2
Does                                                  48.0    61.5   435.4   441.5
farm                                                  63.0    75.5   435.4   441.5
size                                                  77.0    87.3   435.4   441.5
Farm                                                 105.1   118.7   435.4   441.5
size                                                 120.2   130.6   435.4   441.5
matters                                              132.1   152.8   435.4   441.5
as                                                   154.3   160.3   435.4   441.5
a                                                    161.8   165.0   435.4   441.5
function                                             166.5   188.7   435.4   441.5
of                                                   190.2   195.4   435.4   441.5
the                                                  196.9   205.6   435.4   441.5
overlap                                              207.1   226.8   435.4   441.5
of                                                   228.4   233.5   435.4   441.5
1)                                                   235.0   240.6   435.4   441.5
who                                                  242.2   253.1   435.4   441.5
On                                                   265.6   273.3   435.4   441.5
small                                                274.8   289.0   435.4   441.5
farms,                                               290.5   307.5   435.4   441.5
land-use                                             309.1   332.3   435.4   441.5
regulations                                          333.8   363.6   435.4   441.5
may                                                  365.1   376.3   435.4   441.5
impose                                               377.8   397.3   435.4   441.5
a                                                    398.8   402.0   435.4   441.5
matter?                                               48.0    68.5   442.2   448.4
the                                                  105.1   113.8   442.2   448.4
regulation                                           115.3   142.4   442.2   448.4
applies                                              143.9   163.2   442.2   448.4
to,                                                  164.7   171.7   442.2   448.4
and                                                  173.3   183.4   442.2   448.4
2)                                                   184.9   190.5   442.2   448.4
how                                                  192.0   202.9   442.2   448.4
payments                                             204.5   230.7   442.2   448.4
to                                                   232.2   237.4   442.2   448.4
proportionately                                      265.6   306.7   442.2   448.4
higher                                               308.2   325.2   442.2   448.4
burden;                                              326.7   347.7   442.2   448.4
therefore,                                           349.3   375.7   442.2   448.4
they                                                 377.3   388.8   442.2   448.4
would                                                390.4   406.3   442.2   448.4
landholders                                          105.1   136.7   449.1   455.2
are                                                  138.3   146.8   449.1   455.2
distributed.                                         148.4   179.4   449.1   455.2
need                                                 265.6   278.9   449.1   455.2
to                                                   280.5   285.7   449.1   455.2
receive                                              287.3   306.6   449.1   455.2
substantial                                          308.2   337.7   449.1   455.2
payments                                             339.3   365.4   449.1   455.2
for                                                  367.0   374.3   449.1   455.2
cross-                                               375.8   392.1   449.1   455.2
compliance                                           265.6   296.8   456.0   462.1
to                                                   298.3   303.6   456.0   462.1
be                                                   305.1   311.8   456.0   462.1
effective.                                           313.3   338.2   456.0   462.1
Management                                            48.0    83.4   478.4   484.5
Release                                              105.1   126.4   478.4   484.5
of                                                   127.9   133.1   478.4   484.5
payments                                             134.6   160.8   478.4   484.5
is                                                   162.3   166.6   478.4   484.5
contingent                                           168.1   196.9   478.4   484.5
on                                                   198.4   205.0   478.4   484.5
compliance                                           206.6   237.7   478.4   484.5
with                                                 239.3   250.5   478.4   484.5
As                                                   265.6   272.3   478.4   484.5
for                                                  273.8   281.1   478.4   484.5
land                                                 282.6   294.3   478.4   484.5
management                                           295.8   331.1   478.4   484.5
practices.                                           332.6   359.3   478.4   484.5
burden                                                48.0    67.2   485.3   491.4
regulations;                                         105.1   136.7   485.3   491.4
therefore,                                           138.3   164.7   485.3   491.4
in                                                   166.3   171.2   485.3   491.4
principle,                                           172.7   198.0   485.3   491.4
the                                                  199.6   208.2   485.3   491.4
additional                                           209.8   236.5   485.3   491.4
burden                                               238.0   257.2   485.3   491.4
for                                                  105.1   112.5   492.2   498.3
landholders                                          114.0   145.6   492.2   498.3
is                                                   147.1   151.4   492.2   498.3
zero                                                 152.9   164.4   492.2   498.3
because                                              165.9   188.4   492.2   498.3
this                                                 190.0   199.8   492.2   498.3
burden                                               201.3   220.5   492.2   498.3
is                                                   222.0   226.3   492.2   498.3
already                                              227.8   247.6   492.2   498.3
considered.                                          105.1   136.7   499.0   505.2
Conditionality                                       138.0   175.1   499.0   505.2
on                                                   176.6   183.3   499.0   505.2
compliance                                           184.8   216.0   499.0   505.2
may                                                  217.5   228.6   499.0   505.2
result                                               230.2   245.3   499.0   505.2
in                                                   246.9   251.8   499.0   505.2
an                                                   105.1   111.7   505.9   512.0
administrative                                       113.3   151.5   505.9   512.0
burden,                                              153.1   174.1   505.9   512.0
requiring                                            175.6   199.7   505.9   512.0
systems                                              201.2   222.9   505.9   512.0
integration.                                         224.5   255.3   505.9   512.0
Monitoring                                            48.0    77.1   521.4   527.5
Monitoring                                           105.1   134.2   521.4   527.5
of                                                   135.7   140.8   521.4   527.5
regulation-                                          142.4   171.5   521.4   527.5
and                                                  173.0   183.1   521.4   527.5
incentive-based                                      184.6   227.4   521.4   527.5
systems                                              229.0   250.7   521.4   527.5
As                                                   265.6   272.3   521.4   527.5
for                                                  273.8   281.1   521.4   527.5
land                                                 282.6   294.3   521.4   527.5
management                                           295.8   331.1   521.4   527.5
practices.                                           332.6   359.3   521.4   527.5
requirements                                          48.0    83.9   528.3   534.4
already                                              105.1   124.9   528.3   534.4
in                                                   126.4   131.3   528.3   534.4
place                                                132.8   147.4   528.3   534.4
might                                                149.0   164.3   528.3   534.4
need                                                 165.8   179.1   528.3   534.4
to                                                   180.7   185.9   528.3   534.4
be                                                   187.5   194.1   528.3   534.4
aligned                                              195.7   215.3   528.3   534.4
to                                                   216.8   222.0   528.3   534.4
make                                                 223.6   238.3   528.3   534.4
cross-                                               239.8   256.1   528.3   534.4
compliance                                           105.1   136.3   535.2   541.3
effective.                                           137.8   162.7   535.2   541.3
Additional                                           163.9   191.3   535.2   541.3
monitoring                                           192.8   221.8   535.2   541.3
requirements                                         223.2   259.1   535.2   541.3
are                                                  105.1   113.7   542.1   548.2
likely                                               115.3   129.1   542.1   548.2
to                                                   130.6   135.9   542.1   548.2
be                                                   137.4   144.1   542.1   548.2
marginal.                                            145.6   170.8   542.1   548.2
Financing                                             48.0    74.4   553.3   559.4
needs                                                 76.0    92.1   553.3   559.4
Needs                                                105.1   122.3   553.3   559.4
are                                                  123.9   132.5   553.3   559.4
minimal                                              134.0   155.5   553.3   559.4
as                                                   157.0   163.0   553.3   559.4
interventions                                        164.5   199.6   553.3   559.4
leverage                                             201.2   223.8   553.3   559.4
existing                                             225.3   245.9   553.3   559.4
As                                                   265.6   272.3   553.3   559.4
for                                                  273.8   281.1   553.3   559.4
land                                                 282.6   294.3   553.3   559.4
management                                           295.8   331.1   553.3   559.4
practices.                                           332.6   359.3   553.3   559.4
programmes.                                          105.1   140.8   560.2   566.3
|                                                    218.4   220.3   593.5   600.5
22                                                   222.6   231.0   593.5   600.5
|                                                    233.3   235.1   593.5   600.5
